50
50
50
60.0
60.0
60.0
68
71
43
68.2
75.8
36.0
42
52
63
41.5
55.1
83.4
42
52
28
53.7
93.8
32.5
34
56
32
33.1
116.1
30.9
34
47
32
46.3
90.8
42.9
63
91
63
43.8
92.5
43.8
2
6
5
18.2
110.5
51.3
56
28
40
109.6
28.1
42.3
32
50
22
27.0
134.8
18.2
67
41
58
83.3
37.4
59.3
73
50
50
93.8
43.1
43.1
72
53
82
60.0
39.6
80.4
72
53
82
60.0
39.6
80.4
100
100
100
60.0
60.0
60.0
45
34
37
78.5
47.8
53.7
18
12
14
87.3
41.8
51.0
50
50
50
60.0
60.0
60.0
72
35
60
94.9
29.0
56.1
72
35
60
94.9
29.0
56.1
75
64
65
71.1
53.8
55.1
29
30
46
38.0
39.6
102.4
61
61
81
48.4
48.4
83.2
68
68
33
76.0
76.0
28.1
21
49
55
22.4
62.5
95.1
41
61
35
40.1
106.5
33.4
62
66
69
54.6
60.2
65.2
40
62
67
35.9
65.2
78.9
